# PIMCID: N2-M100-cycle2-w0-random1
# START_CONFIG 000000
      0        0        1      1.786E+01      1.190E+01      1.377E+01         99        0        1        0
      0        1        1      1.639E+01      3.729E+00      2.772E+00         99        1        1        1
      1        0        1      1.787E+01      1.077E+01      1.360E+01          0        0        2        0
      1        1        1      1.678E+01      3.371E+00      3.492E+00          0        1        2        1
      2        0        1      1.826E+01      1.131E+01      1.335E+01          1        0        3        0
      2        1        1      1.754E+01      5.320E+00      1.858E+00          1        1        3        1
      3        0        1      1.818E+01      1.201E+01      1.337E+01          2        0        4        0
      3        1        1      1.743E+01      4.269E+00      2.204E+00          2        1        4        1
      4        0        1      1.782E+01      1.155E+01      1.304E+01          3        0        5        0
      4        1        1      1.704E+01      3.818E+00      3.070E+00          3        1        5        1
      5        0        1      1.644E+01      1.126E+01      1.272E+01          4        0        6        0
      5        1        1      1.573E+01      3.293E+00      2.262E+00          4        1        6        1
      6        0        1      1.853E+01      1.120E+01      1.234E+01          5        0        7        0
      6        1        1      1.688E+01      4.666E+00      2.265E+00          5        1        7        1
      7        0        1      1.767E+01      1.016E+01      1.365E+01          6        0        8        0
      7        1        1      1.547E+01      3.900E+00      2.718E+00          6        1        8        1
      8        0        1      1.829E+01      1.184E+01      1.323E+01          7        0        9        0
      8        1        1      1.586E+01      3.452E+00      1.650E+00          7        1        9        1
      9        0        1      1.777E+01      1.116E+01      1.349E+01          8        0       10        0
      9        1        1      1.646E+01      3.984E+00      2.653E+00          8        1       10        1
     10        0        1      1.775E+01      1.158E+01      1.287E+01          9        0       11        0
     10        1        1      1.676E+01      4.585E+00      3.057E+00          9        1       11        1
     11        0        1      1.716E+01      1.187E+01      1.298E+01         10        0       12        0
     11        1        1      1.513E+01      4.054E+00      2.849E+00         10        1       12        1
     12        0        1      1.833E+01      1.048E+01      1.469E+01         11        0       13        0
     12        1        1      1.673E+01      4.279E+00      2.968E+00         11        1       13        1
     13        0        1      1.707E+01      1.175E+01      1.232E+01         12        0       14        0
     13        1        1      1.676E+01      3.055E+00      2.733E+00         12        1       14        1
     14        0        1      1.808E+01      1.185E+01      1.369E+01         13        0       15        0
     14        1        1      1.669E+01      3.675E+00      2.435E+00         13        1       15        1
     15        0        1      1.845E+01      1.104E+01      1.282E+01         14        0       16        0
     15        1        1      1.699E+01      3.647E+00      3.549E+00         14        1       16        1
     16        0        1      1.772E+01      1.053E+01      1.274E+01         15        0       17        0
     16        1        1      1.566E+01      3.847E+00      2.836E+00         15        1       17        1
     17        0        1      1.890E+01      1.152E+01      1.259E+01         16        0       18        0
     17        1        1      1.612E+01      3.979E+00      2.563E+00         16        1       18        1
     18        0        1      1.786E+01      1.216E+01      1.295E+01         17        0       19        0
     18        1        1      1.644E+01      4.062E+00      2.349E+00         17        1       19        1
     19        0        1      1.818E+01      1.131E+01      1.359E+01         18        0       20        0
     19        1        1      1.638E+01      4.791E+00      2.518E+00         18        1       20        1
     20        0        1      1.798E+01      1.061E+01      1.381E+01         19        0       21        0
     20        1        1      1.663E+01      4.668E+00      3.053E+00         19        1       21        1
     21        0        1      1.818E+01      1.089E+01      1.316E+01         20        0       22        0
     21        1        1      1.672E+01      3.950E+00      3.652E+00         20        1       22        1
     22        0        1      1.758E+01      1.090E+01      1.388E+01         21        0       23        0
     22        1        1      1.737E+01      3.889E+00      2.817E+00         21        1       23        1
     23        0        1      1.805E+01      1.125E+01      1.272E+01         22        0       24        0
     23        1        1      1.748E+01      3.981E+00      3.227E+00         22        1       24        1
     24        0        1      1.784E+01      1.170E+01      1.286E+01         23        0       25        0
     24        1        1      1.553E+01      4.405E+00      1.961E+00         23        1       25        1
     25        0        1      1.841E+01      1.038E+01      1.222E+01         24        0       26        0
     25        1        1      1.635E+01      3.571E+00      1.906E+00         24        1       26        1
     26        0        1      1.795E+01      1.082E+01      1.280E+01         25        0       27        0
     26        1        1      1.799E+01      4.588E+00      2.934E+00         25        1       27        1
     27        0        1      1.838E+01      1.120E+01      1.372E+01         26        0       28        0
     27        1        1      1.641E+01      4.679E+00      1.464E+00         26        1       28        1
     28        0        1      1.887E+01      1.098E+01      1.359E+01         27        0       29        0
     28        1        1      1.603E+01      4.307E+00      3.096E+00         27        1       29        1
     29        0        1      1.842E+01      1.195E+01      1.284E+01         28        0       30        0
     29        1        1      1.746E+01      4.392E+00      1.207E+00         28        1       30        1
     30        0        1      1.764E+01      1.153E+01      1.278E+01         29        0       31        0
     30        1        1      1.660E+01      3.534E+00      2.097E+00         29        1       31        1
     31        0        1      1.763E+01      1.103E+01      1.316E+01         30        0       32        0
     31        1        1      1.577E+01      4.550E+00      2.300E+00         30        1       32        1
     32        0        1      1.778E+01      1.083E+01      1.261E+01         31        0       33        0
     32        1        1      1.741E+01      3.616E+00      3.129E+00         31        1       33        1
     33        0        1      1.711E+01      1.165E+01      1.396E+01         32        0       34        0
     33        1        1      1.654E+01      3.733E+00      2.837E+00         32        1       34        1
     34        0        1      1.735E+01      1.106E+01      1.319E+01         33        0       35        0
     34        1        1      1.719E+01      4.093E+00      2.661E+00         33        1       35        1
     35        0        1      1.787E+01      1.019E+01      1.189E+01         34        0       36        0
     35        1        1      1.596E+01      4.267E+00      2.535E+00         34        1       36        1
     36        0        1      1.829E+01      1.121E+01      1.295E+01         35        0       37        0
     36        1        1      1.639E+01      3.373E+00      3.028E+00         35        1       37        1
     37        0        1      1.789E+01      1.042E+01      1.473E+01         36        0       38        0
     37        1        1      1.650E+01      4.114E+00      3.747E+00         36        1       38        1
     38        0        1      1.723E+01      1.076E+01      1.337E+01         37        0       39        0
     38        1        1      1.746E+01      3.978E+00      1.449E+00         37        1       39        1
     39        0        1      1.780E+01      1.156E+01      1.257E+01         38        0       40        0
     39        1        1      1.701E+01      5.196E+00      2.793E+00         38        1       40        1
     40        0        1      1.718E+01      1.163E+01      1.341E+01         39        0       41        0
     40        1        1      1.592E+01      4.190E+00      2.399E+00         39        1       41        1
     41        0        1      1.768E+01      1.166E+01      1.312E+01         40        0       42        0
     41        1        1      1.627E+01      4.155E+00      1.921E+00         40        1       42        1
     42        0        1      1.771E+01      1.080E+01      1.356E+01         41        0       43        0
     42        1        1      1.698E+01      4.795E+00      1.975E+00         41        1       43        1
     43        0        1      1.805E+01      1.159E+01      1.349E+01         42        0       44        0
     43        1        1      1.676E+01      3.484E+00      2.327E+00         42        1       44        1
     44        0        1      1.794E+01      1.125E+01      1.226E+01         43        0       45        0
     44        1        1      1.768E+01      4.834E+00      3.085E+00         43        1       45        1
     45        0        1      1.792E+01      1.129E+01      1.350E+01         44        0       46        0
     45        1        1      1.713E+01      3.489E+00      1.605E+00         44        1       46        1
     46        0        1      1.878E+01      1.073E+01      1.269E+01         45        0       47        0
     46        1        1      1.654E+01      4.349E+00      3.066E+00         45        1       47        1
     47        0        1      1.903E+01      1.174E+01      1.321E+01         46        0       48        0
     47        1        1      1.751E+01      3.807E+00      3.329E+00         46        1       48        1
     48        0        1      1.863E+01      1.091E+01      1.347E+01         47        0       49        0
     48        1        1      1.663E+01      4.003E+00      3.338E+00         47        1       49        1
     49        0        1      1.865E+01      1.074E+01      1.414E+01         48        0       50        0
     49        1        1      1.722E+01      3.835E+00      2.180E+00         48        1       50        1
     50        0        1      1.752E+01      1.234E+01      1.329E+01         49        0       51        0
     50        1        1      1.599E+01      5.149E+00      2.448E+00         49        1       51        1
     51        0        1      1.779E+01      1.178E+01      1.404E+01         50        0       52        0
     51        1        1      1.683E+01      4.369E+00      2.673E+00         50        1       52        1
     52        0        1      1.837E+01      1.091E+01      1.321E+01         51        0       53        0
     52        1        1      1.689E+01      3.070E+00      2.467E+00         51        1       53        1
     53        0        1      1.786E+01      1.186E+01      1.286E+01         52        0       54        0
     53        1        1      1.601E+01      3.773E+00      3.271E+00         52        1       54        1
     54        0        1      1.831E+01      1.188E+01      1.283E+01         53        0       55        0
     54        1        1      1.671E+01      4.303E+00      2.896E+00         53        1       55        1
     55        0        1      1.861E+01      1.168E+01      1.341E+01         54        0       56        0
     55        1        1      1.655E+01      4.229E+00      3.196E+00         54        1       56        1
     56        0        1      1.869E+01      1.032E+01      1.248E+01         55        0       57        0
     56        1        1      1.790E+01      3.586E+00      1.930E+00         55        1       57        1
     57        0        1      1.833E+01      1.162E+01      1.416E+01         56        0       58        0
     57        1        1      1.683E+01      4.912E+00      3.344E+00         56        1       58        1
     58        0        1      1.784E+01      1.126E+01      1.399E+01         57        0       59        0
     58        1        1      1.743E+01      4.383E+00      2.738E+00         57        1       59        1
     59        0        1      1.728E+01      1.160E+01      1.362E+01         58        0       60        0
     59        1        1      1.661E+01      3.359E+00      2.074E+00         58        1       60        1
     60        0        1      1.783E+01      1.171E+01      1.393E+01         59        0       61        0
     60        1        1      1.731E+01      3.976E+00      2.403E+00         59        1       61        1
     61        0        1      1.842E+01      1.081E+01      1.241E+01         60        0       62        0
     61        1        1      1.692E+01      4.101E+00      2.394E+00         60        1       62        1
     62        0        1      1.869E+01      1.046E+01      1.421E+01         61        0       63        0
     62        1        1      1.681E+01      4.013E+00      3.219E+00         61        1       63        1
     63        0        1      1.763E+01      1.092E+01      1.326E+01         62        0       64        0
     63        1        1      1.558E+01      3.495E+00      3.182E+00         62        1       64        1
     64        0        1      1.773E+01      1.132E+01      1.213E+01         63        0       65        0
     64        1        1      1.703E+01      3.816E+00      2.570E+00         63        1       65        1
     65        0        1      1.746E+01      1.168E+01      1.254E+01         64        0       66        0
     65        1        1      1.716E+01      4.070E+00      1.965E+00         64        1       66        1
     66        0        1      1.772E+01      1.109E+01      1.418E+01         65        0       67        0
     66        1        1      1.696E+01      3.795E+00      3.081E+00         65        1       67        1
     67        0        1      1.677E+01      1.033E+01      1.341E+01         66        0       68        0
     67        1        1      1.713E+01      5.338E+00      2.963E+00         66        1       68        1
     68        0        1      1.781E+01      1.193E+01      1.269E+01         67        0       69        0
     68        1        1      1.686E+01      3.891E+00      2.811E+00         67        1       69        1
     69        0        1      1.780E+01      1.148E+01      1.260E+01         68        0       70        0
     69        1        1      1.602E+01      3.488E+00      2.364E+00         68        1       70        1
     70        0        1      1.852E+01      1.136E+01      1.235E+01         69        0       71        0
     70        1        1      1.664E+01      4.140E+00      2.488E+00         69        1       71        1
     71        0        1      1.837E+01      1.161E+01      1.341E+01         70        0       72        0
     71        1        1      1.696E+01      3.577E+00      2.784E+00         70        1       72        1
     72        0        1      1.740E+01      1.120E+01      1.319E+01         71        0       73        0
     72        1        1      1.687E+01      4.153E+00      2.334E+00         71        1       73        1
     73        0        1      1.741E+01      1.092E+01      1.325E+01         72        0       74        0
     73        1        1      1.750E+01      3.735E+00      2.912E+00         72        1       74        1
     74        0        1      1.785E+01      1.101E+01      1.365E+01         73        0       75        0
     74        1        1      1.703E+01      4.113E+00      2.315E+00         73        1       75        1
     75        0        1      1.719E+01      1.048E+01      1.284E+01         74        0       76        0
     75        1        1      1.749E+01      4.193E+00      3.053E+00         74        1       76        1
     76        0        1      1.884E+01      1.146E+01      1.269E+01         75        0       77        0
     76        1        1      1.722E+01      3.986E+00      2.670E+00         75        1       77        1
     77        0        1      1.754E+01      1.072E+01      1.269E+01         76        0       78        0
     77        1        1      1.614E+01      4.665E+00      3.183E+00         76        1       78        1
     78        0        1      1.788E+01      1.128E+01      1.230E+01         77        0       79        0
     78        1        1      1.689E+01      4.442E+00      3.010E+00         77        1       79        1
     79        0        1      1.810E+01      1.031E+01      1.313E+01         78        0       80        0
     79        1        1      1.602E+01      4.217E+00      2.292E+00         78        1       80        1
     80        0        1      1.825E+01      1.154E+01      1.286E+01         79        0       81        0
     80        1        1      1.556E+01      4.529E+00      2.949E+00         79        1       81        1
     81        0        1      1.765E+01      1.173E+01      1.202E+01         80        0       82        0
     81        1        1      1.715E+01      4.113E+00      2.518E+00         80        1       82        1
     82        0        1      1.704E+01      1.059E+01      1.250E+01         81        0       83        0
     82        1        1      1.599E+01      4.319E+00      2.014E+00         81        1       83        1
     83        0        1      1.872E+01      1.088E+01      1.353E+01         82        0       84        0
     83        1        1      1.634E+01      4.750E+00      2.238E+00         82        1       84        1
     84        0        1      1.819E+01      1.095E+01      1.346E+01         83        0       85        0
     84        1        1      1.655E+01      4.400E+00      3.011E+00         83        1       85        1
     85        0        1      1.834E+01      1.118E+01      1.308E+01         84        0       86        0
     85        1        1      1.650E+01      4.337E+00      2.753E+00         84        1       86        1
     86        0        1      1.827E+01      1.134E+01      1.291E+01         85        0       87        0
     86        1        1      1.639E+01      3.322E+00      2.791E+00         85        1       87        1
     87        0        1      1.791E+01      1.036E+01      1.284E+01         86        0       88        0
     87        1        1      1.716E+01      4.657E+00      1.471E+00         86        1       88        1
     88        0        1      1.833E+01      1.202E+01      1.273E+01         87        0       89        0
     88        1        1      1.669E+01      2.819E+00      2.211E+00         87        1       89        1
     89        0        1      1.839E+01      1.086E+01      1.336E+01         88        0       90        0
     89        1        1      1.608E+01      4.376E+00      1.450E+00         88        1       90        1
     90        0        1      1.788E+01      1.101E+01      1.361E+01         89        0       91        0
     90        1        1      1.736E+01      3.810E+00      1.820E+00         89        1       91        1
     91        0        1      1.763E+01      1.120E+01      1.324E+01         90        0       92        0
     91        1        1      1.649E+01      3.482E+00      2.469E+00         90        1       92        1
     92        0        1      1.774E+01      1.038E+01      1.317E+01         91        0       93        0
     92        1        1      1.720E+01      3.788E+00      2.346E+00         91        1       93        1
     93        0        1      1.789E+01      1.110E+01      1.353E+01         92        0       94        0
     93        1        1      1.702E+01      4.602E+00      2.063E+00         92        1       94        1
     94        0        1      1.835E+01      1.052E+01      1.307E+01         93        0       95        0
     94        1        1      1.613E+01      3.458E+00      2.800E+00         93        1       95        1
     95        0        1      1.821E+01      1.051E+01      1.295E+01         94        0       96        0
     95        1        1      1.697E+01      3.215E+00      2.402E+00         94        1       96        1
     96        0        1      1.818E+01      1.074E+01      1.386E+01         95        0       97        0
     96        1        1      1.698E+01      3.704E+00      1.889E+00         95        1       97        1
     97        0        1      1.780E+01      1.087E+01      1.328E+01         96        0       98        0
     97        1        1      1.658E+01      4.393E+00      2.905E+00         96        1       98        1
     98        0        1      1.749E+01      1.106E+01      1.207E+01         97        0       99        0
     98        1        1      1.608E+01      3.545E+00      2.904E+00         97        1       99        1
     99        0        1      1.780E+01      1.173E+01      1.347E+01         98        0        0        1
     99        1        1      1.672E+01      3.704E+00      2.189E+00         98        1        0        0
# END_CONFIG
