# PIMCID: N2-M100-cycle2-exchange
# START_CONFIG 000000
      0        0        1      9.247E-01      1.227E+01      1.014E+01         99        1        1        0
      0        1        1      1.106E+01      6.294E+00      9.794E+00         99        0        1        1
      1        0        1      8.359E-01      1.222E+01      1.012E+01          0        0        2        0
      1        1        1      1.123E+01      6.214E+00      1.017E+01          0        1        2        1
      2        0        1      1.401E+00      1.182E+01      9.936E+00          1        0        3        0
      2        1        1      1.101E+01      6.390E+00      9.793E+00          1        1        3        1
      3        0        1      1.262E+00      1.187E+01      1.026E+01          2        0        4        0
      3        1        1      1.109E+01      6.391E+00      9.587E+00          2        1        4        1
      4        0        1      1.378E+00      1.216E+01      1.007E+01          3        0        5        0
      4        1        1      1.141E+01      6.584E+00      9.285E+00          3        1        5        1
      5        0        1      1.570E+00      1.178E+01      1.006E+01          4        0        6        0
      5        1        1      1.177E+01      6.823E+00      9.632E+00          4        1        6        1
      6        0        1      1.489E+00      1.172E+01      1.049E+01          5        0        7        0
      6        1        1      1.157E+01      6.336E+00      9.335E+00          5        1        7        1
      7        0        1      1.428E+00      1.220E+01      1.030E+01          6        0        8        0
      7        1        1      1.180E+01      6.473E+00      9.241E+00          6        1        8        1
      8        0        1      1.836E+00      1.175E+01      1.078E+01          7        0        9        0
      8        1        1      1.197E+01      6.876E+00      9.358E+00          7        1        9        1
      9        0        1      1.968E+00      1.217E+01      1.032E+01          8        0       10        0
      9        1        1      1.173E+01      6.369E+00      8.909E+00          8        1       10        1
     10        0        1      1.943E+00      1.176E+01      1.082E+01          9        0       11        0
     10        1        1      1.192E+01      6.543E+00      8.934E+00          9        1       11        1
     11        0        1      1.896E+00      1.206E+01      1.043E+01         10        0       12        0
     11        1        1      1.240E+01      6.874E+00      8.622E+00         10        1       12        1
     12        0        1      1.915E+00      1.205E+01      1.087E+01         11        0       13        0
     12        1        1      1.235E+01      6.913E+00      8.444E+00         11        1       13        1
     13        0        1      2.228E+00      1.160E+01      1.102E+01         12        0       14        0
     13        1        1      1.239E+01      6.692E+00      8.335E+00         12        1       14        1
     14        0        1      2.301E+00      1.170E+01      1.100E+01         13        0       15        0
     14        1        1      1.250E+01      7.072E+00      8.479E+00         13        1       15        1
     15        0        1      2.287E+00      1.191E+01      1.107E+01         14        0       16        0
     15        1        1      1.255E+01      7.052E+00      8.392E+00         14        1       16        1
     16        0        1      2.630E+00      1.170E+01      1.069E+01         15        0       17        0
     16        1        1      1.238E+01      6.660E+00      8.380E+00         15        1       17        1
     17        0        1      2.606E+00      1.172E+01      1.127E+01         16        0       18        0
     17        1        1      1.257E+01      6.943E+00      8.355E+00         16        1       18        1
     18        0        1      2.655E+00      1.143E+01      1.096E+01         17        0       19        0
     18        1        1      1.261E+01      7.313E+00      8.293E+00         17        1       19        1
     19        0        1      2.999E+00      1.187E+01      1.132E+01         18        0       20        0
     19        1        1      1.273E+01      7.353E+00      8.039E+00         18        1       20        1
     20        0        1      3.205E+00      1.185E+01      1.108E+01         19        0       21        0
     20        1        1      1.279E+01      7.018E+00      7.881E+00         19        1       21        1
     21        0        1      3.312E+00      1.179E+01      1.094E+01         20        0       22        0
     21        1        1      1.313E+01      7.199E+00      7.670E+00         20        1       22        1
     22        0        1      2.994E+00      1.143E+01      1.155E+01         21        0       23        0
     22        1        1      1.312E+01      7.330E+00      7.872E+00         21        1       23        1
     23        0        1      3.241E+00      1.177E+01      1.161E+01         22        0       24        0
     23        1        1      1.317E+01      7.390E+00      7.547E+00         22        1       24        1
     24        0        1      3.295E+00      1.117E+01      1.145E+01         23        0       25        0
     24        1        1      1.343E+01      7.198E+00      7.452E+00         23        1       25        1
     25        0        1      3.770E+00      1.125E+01      1.121E+01         24        0       26        0
     25        1        1      1.352E+01      7.836E+00      7.351E+00         24        1       26        1
     26        0        1      3.730E+00      1.151E+01      1.131E+01         25        0       27        0
     26        1        1      1.376E+01      7.546E+00      7.508E+00         25        1       27        1
     27        0        1      3.807E+00      1.133E+01      1.127E+01         26        0       28        0
     27        1        1      1.393E+01      7.600E+00      7.167E+00         26        1       28        1
     28        0        1      3.553E+00      1.132E+01      1.166E+01         27        0       29        0
     28        1        1      1.354E+01      7.800E+00      7.119E+00         27        1       29        1
     29        0        1      4.016E+00      1.102E+01      1.171E+01         28        0       30        0
     29        1        1      1.386E+01      8.142E+00      6.997E+00         28        1       30        1
     30        0        1      3.935E+00      1.093E+01      1.188E+01         29        0       31        0
     30        1        1      1.426E+01      7.825E+00      7.245E+00         29        1       31        1
     31        0        1      4.322E+00      1.114E+01      1.168E+01         30        0       32        0
     31        1        1      1.398E+01      7.817E+00      7.324E+00         30        1       32        1
     32        0        1      4.473E+00      1.113E+01      1.160E+01         31        0       33        0
     32        1        1      1.414E+01      8.290E+00      7.264E+00         31        1       33        1
     33        0        1      4.566E+00      1.117E+01      1.182E+01         32        0       34        0
     33        1        1      1.408E+01      8.047E+00      7.208E+00         32        1       34        1
     34        0        1      4.498E+00      1.065E+01      1.152E+01         33        0       35        0
     34        1        1      1.453E+01      8.050E+00      6.711E+00         33        1       35        1
     35        0        1      4.565E+00      1.100E+01      1.188E+01         34        0       36        0
     35        1        1      1.437E+01      8.573E+00      6.706E+00         34        1       36        1
     36        0        1      4.532E+00      1.098E+01      1.191E+01         35        0       37        0
     36        1        1      1.485E+01      8.641E+00      6.857E+00         35        1       37        1
     37        0        1      4.494E+00      1.069E+01      1.170E+01         36        0       38        0
     37        1        1      1.458E+01      8.932E+00      6.708E+00         36        1       38        1
     38        0        1      5.074E+00      1.079E+01      1.205E+01         37        0       39        0
     38        1        1      1.484E+01      8.797E+00      6.726E+00         37        1       39        1
     39        0        1      4.757E+00      1.079E+01      1.176E+01         38        0       40        0
     39        1        1      1.465E+01      8.943E+00      6.499E+00         38        1       40        1
     40        0        1      5.305E+00      1.087E+01      1.216E+01         39        0       41        0
     40        1        1      1.496E+01      8.670E+00      6.915E+00         39        1       41        1
     41        0        1      5.098E+00      1.081E+01      1.221E+01         40        0       42        0
     41        1        1      1.535E+01      8.944E+00      6.558E+00         40        1       42        1
     42        0        1      5.453E+00      1.036E+01      1.175E+01         41        0       43        0
     42        1        1      1.528E+01      9.437E+00      6.716E+00         41        1       43        1
     43        0        1      5.385E+00      1.017E+01      1.203E+01         42        0       44        0
     43        1        1      1.564E+01      9.067E+00      6.585E+00         42        1       44        1
     44        0        1      5.671E+00      1.049E+01      1.209E+01         43        0       45        0
     44        1        1      1.557E+01      9.308E+00      6.429E+00         43        1       45        1
     45        0        1      5.731E+00      1.047E+01      1.220E+01         44        0       46        0
     45        1        1      1.579E+01      9.509E+00      6.537E+00         44        1       46        1
     46        0        1      5.825E+00      1.031E+01      1.211E+01         45        0       47        0
     46        1        1      1.582E+01      9.846E+00      6.424E+00         45        1       47        1
     47        0        1      5.673E+00      9.915E+00      1.204E+01         46        0       48        0
     47        1        1      1.547E+01      9.702E+00      6.537E+00         46        1       48        1
     48        0        1      5.720E+00      1.015E+01      1.172E+01         47        0       49        0
     48        1        1      1.557E+01      1.003E+01      6.420E+00         47        1       49        1
     49        0        1      5.726E+00      1.005E+01      1.216E+01         48        0       50        0
     49        1        1      1.578E+01      1.002E+01      6.252E+00         48        1       50        1
     50        0        1      5.782E+00      9.987E+00      1.202E+01         49        0       51        0
     50        1        1      1.613E+01      1.019E+01      6.786E+00         49        1       51        1
     51        0        1      6.161E+00      9.799E+00      1.217E+01         50        0       52        0
     51        1        1      1.601E+01      1.013E+01      6.251E+00         50        1       52        1
     52        0        1      5.968E+00      1.012E+01      1.220E+01         51        0       53        0
     52        1        1      1.637E+01      1.022E+01      6.315E+00         51        1       53        1
     53        0        1      6.147E+00      9.628E+00      1.202E+01         52        0       54        0
     53        1        1      1.648E+01      1.048E+01      6.390E+00         52        1       54        1
     54        0        1      6.727E+00      9.858E+00      1.201E+01         53        0       55        0
     54        1        1      1.652E+01      1.045E+01      6.384E+00         53        1       55        1
     55        0        1      6.469E+00      9.807E+00      1.168E+01         54        0       56        0
     55        1        1      1.633E+01      1.034E+01      6.278E+00         54        1       56        1
     56        0        1      6.870E+00      9.713E+00      1.194E+01         55        0       57        0
     56        1        1      1.642E+01      1.071E+01      6.558E+00         55        1       57        1
     57        0        1      6.561E+00      9.489E+00      1.188E+01         56        0       58        0
     57        1        1      1.683E+01      1.091E+01      6.326E+00         56        1       58        1
     58        0        1      6.783E+00      9.543E+00      1.193E+01         57        0       59        0
     58        1        1      1.707E+01      1.103E+01      6.424E+00         57        1       59        1
     59        0        1      6.702E+00      9.492E+00      1.163E+01         58        0       60        0
     59        1        1      1.701E+01      1.130E+01      6.703E+00         58        1       60        1
     60        0        1      6.994E+00      9.432E+00      1.186E+01         59        0       61        0
     60        1        1      1.709E+01      1.141E+01      6.624E+00         59        1       61        1
     61        0        1      7.438E+00      9.529E+00      1.169E+01         60        0       62        0
     61        1        1      1.690E+01      1.101E+01      6.441E+00         60        1       62        1
     62        0        1      7.019E+00      9.337E+00      1.159E+01         61        0       63        0
     62        1        1      1.715E+01      1.156E+01      6.486E+00         61        1       63        1
     63        0        1      7.552E+00      9.038E+00      1.159E+01         62        0       64        0
     63        1        1      1.748E+01      1.153E+01      7.043E+00         62        1       64        1
     64        0        1      7.606E+00      9.294E+00      1.166E+01         63        0       65        0
     64        1        1      1.727E+01      1.170E+01      7.048E+00         63        1       65        1
     65        0        1      7.860E+00      9.003E+00      1.169E+01         64        0       66        0
     65        1        1      1.773E+01      1.156E+01      7.173E+00         64        1       66        1
     66        0        1      7.882E+00      8.957E+00      1.188E+01         65        0       67        0
     66        1        1      1.782E+01      1.151E+01      7.210E+00         65        1       67        1
     67        0        1      7.771E+00      9.141E+00      1.159E+01         66        0       68        0
     67        1        1      1.800E+01      1.178E+01      6.732E+00         66        1       68        1
     68        0        1      8.112E+00      8.647E+00      1.156E+01         67        0       69        0
     68        1        1      1.814E+01      1.221E+01      7.130E+00         67        1       69        1
     69        0        1      8.049E+00      8.809E+00      1.151E+01         68        0       70        0
     69        1        1      1.787E+01      1.213E+01      7.300E+00         68        1       70        1
     70        0        1      8.246E+00      8.963E+00      1.135E+01         69        0       71        0
     70        1        1      1.807E+01      1.185E+01      7.245E+00         69        1       71        1
     71        0        1      8.137E+00      8.972E+00      1.146E+01         70        0       72        0
     71        1        1      1.794E+01      1.199E+01      7.440E+00         70        1       72        1
     72        0        1      8.344E+00      8.451E+00      1.126E+01         71        0       73        0
     72        1        1      1.839E+01      1.204E+01      7.548E+00         71        1       73        1
     73        0        1      8.497E+00      8.392E+00      1.122E+01         72        0       74        0
     73        1        1      1.867E+01      1.230E+01      7.351E+00         72        1       74        1
     74        0        1      8.662E+00      8.865E+00      1.172E+01         73        0       75        0
     74        1        1      1.863E+01      1.238E+01      7.256E+00         73        1       75        1
     75        0        1      8.742E+00      8.588E+00      1.133E+01         74        0       76        0
     75        1        1      1.882E+01      1.230E+01      7.580E+00         74        1       76        1
     76        0        1      8.384E+00      8.491E+00      1.107E+01         75        0       77        0
     76        1        1      1.845E+01      1.238E+01      7.756E+00         75        1       77        1
     77        0        1      8.925E+00      8.518E+00      1.156E+01         76        0       78        0
     77        1        1      1.870E+01      1.255E+01      7.971E+00         76        1       78        1
     78        0        1      8.713E+00      8.706E+00      1.094E+01         77        0       79        0
     78        1        1      1.916E+01      1.248E+01      8.071E+00         77        1       79        1
     79        0        1      8.996E+00      8.685E+00      1.093E+01         78        0       80        0
     79        1        1      1.901E+01      1.310E+01      7.939E+00         78        1       80        1
     80        0        1      9.158E+00      8.470E+00      1.111E+01         79        0       81        0
     80        1        1      1.916E+01      1.293E+01      8.256E+00         79        1       81        1
     81        0        1      8.909E+00      8.186E+00      1.135E+01         80        0       82        0
     81        1        1      1.942E+01      1.292E+01      8.180E+00         80        1       82        1
     82        0        1      9.149E+00      8.097E+00      1.101E+01         81        0       83        0
     82        1        1      1.919E+01      1.305E+01      7.949E+00         81        1       83        1
     83        0        1      9.668E+00      8.544E+00      1.109E+01         82        0       84        0
     83        1        1      1.941E+01      1.294E+01      8.487E+00         82        1       84        1
     84        0        1      9.596E+00      8.020E+00      1.116E+01         83        0       85        0
     84        1        1      1.968E+01      1.338E+01      8.532E+00         83        1       85        1
     85        0        1      9.654E+00      8.145E+00      1.112E+01         84        0       86        0
     85        1        1      1.981E+01      1.289E+01      8.212E+00         84        1       86        1
     86        0        1      9.613E+00      8.354E+00      1.109E+01         85        0       87        0
     86        1        1      1.948E+01      1.326E+01      8.525E+00         85        1       87        1
     87        0        1      1.007E+01      8.349E+00      1.095E+01         86        0       88        0
     87        1        1      1.977E+01      1.320E+01      8.563E+00         86        1       88        1
     88        0        1      9.623E+00      8.339E+00      1.087E+01         87        0       89        0
     88        1        1      1.887E-01      1.359E+01      8.836E+00         87        1       89        1
     89        0        1      1.015E+01      8.367E+00      1.083E+01         88        0       90        0
     89        1        1      1.984E+01      1.330E+01      8.685E+00         88        1       90        1
     90        0        1      1.036E+01      8.145E+00      1.040E+01         89        0       91        0
     90        1        1      1.939E-01      1.343E+01      8.929E+00         89        1       91        1
     91        0        1      9.960E+00      8.167E+00      1.051E+01         90        0       92        0
     91        1        1      3.553E-01      1.340E+01      9.332E+00         90        1       92        1
     92        0        1      1.032E+01      8.086E+00      1.067E+01         91        0       93        0
     92        1        1      2.350E-01      1.319E+01      8.946E+00         91        1       93        1
     93        0        1      1.055E+01      8.108E+00      1.050E+01         92        0       94        0
     93        1        1      2.217E-01      1.322E+01      9.046E+00         92        1       94        1
     94        0        1      1.041E+01      8.079E+00      1.025E+01         93        0       95        0
     94        1        1      4.574E-01      1.370E+01      9.356E+00         93        1       95        1
     95        0        1      1.060E+01      8.186E+00      1.019E+01         94        0       96        0
     95        1        1      6.692E-01      1.369E+01      9.827E+00         94        1       96        1
     96        0        1      1.049E+01      8.265E+00      1.019E+01         95        0       97        0
     96        1        1      5.519E-01      1.346E+01      9.955E+00         95        1       97        1
     97        0        1      1.079E+01      7.901E+00      1.021E+01         96        0       98        0
     97        1        1      6.421E-01      1.324E+01      9.555E+00         96        1       98        1
     98        0        1      1.068E+01      7.792E+00      9.847E+00         97        0       99        0
     98        1        1      9.835E-01      1.331E+01      9.796E+00         97        1       99        1
     99        0        1      1.124E+01      7.984E+00      1.010E+01         98        0        0        1
     99        1        1      8.034E-01      1.332E+01      9.725E+00         98        1        0        0
# END_CONFIG
