# PIMCID: N2-M100-cycle2-winding1-v2
# START_CONFIG 000000
      0        0        1      1.981E+01      1.120E+01      1.009E+01         99        0        1        1
      0        1        1      1.014E+01      1.011E+01      1.075E+01         99        1        1        0
      1        0        1      1.785E-01      1.091E+01      1.029E+01          0        1        2        0
      1        1        1      1.032E+01      1.037E+01      1.086E+01          0        0        2        1
      2        0        1      3.930E-01      1.088E+01      1.034E+01          1        0        3        0
      2        1        1      1.032E+01      1.020E+01      1.063E+01          1        1        3        1
      3        0        1      3.391E-01      1.137E+01      1.029E+01          2        0        4        0
      3        1        1      1.047E+01      1.035E+01      1.108E+01          2        1        4        1
      4        0        1      9.786E-01      1.112E+01      1.025E+01          3        0        5        0
      4        1        1      1.092E+01      1.061E+01      1.098E+01          3        1        5        1
      5        0        1      9.651E-01      1.073E+01      9.950E+00          4        0        6        0
      5        1        1      1.083E+01      1.068E+01      1.088E+01          4        1        6        1
      6        0        1      1.014E+00      1.086E+01      1.044E+01          5        0        7        0
      6        1        1      1.107E+01      9.955E+00      1.056E+01          5        1        7        1
      7        0        1      1.557E+00      1.076E+01      1.071E+01          6        0        8        0
      7        1        1      1.173E+01      1.079E+01      1.057E+01          6        1        8        1
      8        0        1      1.967E+00      1.072E+01      1.012E+01          7        0        9        0
      8        1        1      1.176E+01      1.048E+01      1.079E+01          7        1        9        1
      9        0        1      1.647E+00      1.104E+01      1.005E+01          8        0       10        0
      9        1        1      1.185E+01      1.035E+01      1.103E+01          8        1       10        1
     10        0        1      1.870E+00      1.096E+01      1.054E+01          9        0       11        0
     10        1        1      1.205E+01      1.076E+01      1.081E+01          9        1       11        1
     11        0        1      2.016E+00      1.075E+01      1.089E+01         10        0       12        0
     11        1        1      1.214E+01      1.047E+01      1.082E+01         10        1       12        1
     12        0        1      2.018E+00      1.051E+01      1.062E+01         11        0       13        0
     12        1        1      1.240E+01      1.078E+01      1.109E+01         11        1       13        1
     13        0        1      2.805E+00      1.080E+01      1.100E+01         12        0       14        0
     13        1        1      1.275E+01      1.095E+01      1.055E+01         12        1       14        1
     14        0        1      3.251E+00      1.097E+01      1.068E+01         13        0       15        0
     14        1        1      1.266E+01      1.068E+01      1.069E+01         13        1       15        1
     15        0        1      3.236E+00      1.044E+01      1.074E+01         14        0       16        0
     15        1        1      1.312E+01      1.087E+01      1.035E+01         14        1       16        1
     16        0        1      3.363E+00      1.059E+01      1.108E+01         15        0       17        0
     16        1        1      1.304E+01      1.100E+01      1.030E+01         15        1       17        1
     17        0        1      3.647E+00      1.040E+01      1.069E+01         16        0       18        0
     17        1        1      1.333E+01      1.095E+01      1.033E+01         16        1       18        1
     18        0        1      3.699E+00      1.062E+01      1.073E+01         17        0       19        0
     18        1        1      1.365E+01      1.092E+01      1.041E+01         17        1       19        1
     19        0        1      3.825E+00      1.006E+01      1.107E+01         18        0       20        0
     19        1        1      1.377E+01      1.109E+01      1.052E+01         18        1       20        1
     20        0        1      4.251E+00      1.043E+01      1.064E+01         19        0       21        0
     20        1        1      1.370E+01      1.105E+01      1.029E+01         19        1       21        1
     21        0        1      4.352E+00      1.032E+01      1.122E+01         20        0       22        0
     21        1        1      1.442E+01      1.088E+01      1.024E+01         20        1       22        1
     22        0        1      4.981E+00      1.016E+01      1.100E+01         21        0       23        0
     22        1        1      1.429E+01      1.085E+01      1.001E+01         21        1       23        1
     23        0        1      4.680E+00      1.005E+01      1.096E+01         22        0       24        0
     23        1        1      1.469E+01      1.108E+01      1.042E+01         22        1       24        1
     24        0        1      4.623E+00      1.002E+01      1.090E+01         23        0       25        0
     24        1        1      1.473E+01      1.092E+01      1.026E+01         23        1       25        1
     25        0        1      4.655E+00      9.991E+00      1.124E+01         24        0       26        0
     25        1        1      1.517E+01      1.107E+01      1.018E+01         24        1       26        1
     26        0        1      5.224E+00      1.012E+01      1.118E+01         25        0       27        0
     26        1        1      1.501E+01      1.118E+01      9.916E+00         25        1       27        1
     27        0        1      5.217E+00      9.992E+00      1.102E+01         26        0       28        0
     27        1        1      1.529E+01      1.131E+01      9.971E+00         26        1       28        1
     28        0        1      5.651E+00      9.577E+00      1.071E+01         27        0       29        0
     28        1        1      1.550E+01      1.075E+01      9.893E+00         27        1       29        1
     29        0        1      5.976E+00      9.507E+00      1.101E+01         28        0       30        0
     29        1        1      1.581E+01      1.089E+01      1.011E+01         28        1       30        1
     30        0        1      5.777E+00      9.665E+00      1.113E+01         29        0       31        0
     30        1        1      1.625E+01      1.071E+01      9.654E+00         29        1       31        1
     31        0        1      6.199E+00      9.603E+00      1.088E+01         30        0       32        0
     31        1        1      1.646E+01      1.057E+01      9.660E+00         30        1       32        1
     32        0        1      6.388E+00      9.692E+00      1.072E+01         31        0       33        0
     32        1        1      1.649E+01      1.116E+01      9.435E+00         31        1       33        1
     33        0        1      6.948E+00      9.278E+00      1.076E+01         32        0       34        0
     33        1        1      1.684E+01      1.066E+01      9.571E+00         32        1       34        1
     34        0        1      6.943E+00      9.458E+00      1.091E+01         33        0       35        0
     34        1        1      1.663E+01      1.101E+01      9.620E+00         33        1       35        1
     35        0        1      7.176E+00      9.139E+00      1.069E+01         34        0       36        0
     35        1        1      1.716E+01      1.113E+01      9.398E+00         34        1       36        1
     36        0        1      7.108E+00      9.343E+00      1.061E+01         35        0       37        0
     36        1        1      1.711E+01      1.079E+01      9.660E+00         35        1       37        1
     37        0        1      7.243E+00      9.628E+00      1.059E+01         36        0       38        0
     37        1        1      1.723E+01      1.030E+01      9.536E+00         36        1       38        1
     38        0        1      7.699E+00      9.246E+00      1.099E+01         37        0       39        0
     38        1        1      1.786E+01      1.085E+01      9.417E+00         37        1       39        1
     39        0        1      7.852E+00      9.434E+00      1.088E+01         38        0       40        0
     39        1        1      1.777E+01      1.057E+01      9.685E+00         38        1       40        1
     40        0        1      7.655E+00      8.891E+00      1.086E+01         39        0       41        0
     40        1        1      1.776E+01      1.061E+01      9.322E+00         39        1       41        1
     41        0        1      7.895E+00      9.466E+00      1.058E+01         40        0       42        0
     41        1        1      1.834E+01      1.038E+01      9.088E+00         40        1       42        1
     42        0        1      8.314E+00      9.603E+00      1.026E+01         41        0       43        0
     42        1        1      1.858E+01      1.049E+01      8.847E+00         41        1       43        1
     43        0        1      8.577E+00      9.225E+00      1.027E+01         42        0       44        0
     43        1        1      1.861E+01      1.071E+01      9.146E+00         42        1       44        1
     44        0        1      8.766E+00      8.908E+00      1.036E+01         43        0       45        0
     44        1        1      1.873E+01      1.044E+01      8.840E+00         43        1       45        1
     45        0        1      9.306E+00      8.902E+00      1.027E+01         44        0       46        0
     45        1        1      1.901E+01      1.026E+01      8.601E+00         44        1       46        1
     46        0        1      9.181E+00      9.038E+00      1.058E+01         45        0       47        0
     46        1        1      1.935E+01      1.036E+01      8.865E+00         45        1       47        1
     47        0        1      9.268E+00      9.050E+00      1.007E+01         46        0       48        0
     47        1        1      1.931E+01      1.046E+01      8.941E+00         46        1       48        1
     48        0        1      9.439E+00      9.049E+00      1.030E+01         47        0       49        0
     48        1        1      1.944E+01      1.016E+01      8.869E+00         47        1       49        1
     49        0        1      9.737E+00      9.221E+00      9.809E+00         48        0       50        0
     49        1        1      2.976E-02      9.941E+00      9.039E+00         48        1       50        1
     50        0        1      9.973E+00      8.791E+00      9.992E+00         49        0       51        0
     50        1        1      1.352E-01      1.031E+01      8.962E+00         49        1       51        1
     51        0        1      1.039E+01      9.344E+00      9.950E+00         50        0       52        0
     51        1        1      4.366E-01      9.870E+00      8.974E+00         50        1       52        1
     52        0        1      1.004E+01      8.891E+00      9.593E+00         51        0       53        0
     52        1        1      2.698E-01      9.642E+00      9.147E+00         51        1       53        1
     53        0        1      1.081E+01      9.292E+00      1.009E+01         52        0       54        0
     53        1        1      2.123E-01      9.813E+00      9.000E+00         52        1       54        1
     54        0        1      1.066E+01      8.967E+00      9.473E+00         53        0       55        0
     54        1        1      1.034E+00      9.891E+00      8.577E+00         53        1       55        1
     55        0        1      1.073E+01      8.856E+00      9.857E+00         54        0       56        0
     55        1        1      9.395E-01      9.621E+00      8.810E+00         54        1       56        1
     56        0        1      1.136E+01      9.178E+00      9.641E+00         55        0       57        0
     56        1        1      1.330E+00      9.739E+00      8.863E+00         55        1       57        1
     57        0        1      1.143E+01      9.080E+00      9.254E+00         56        0       58        0
     57        1        1      1.466E+00      9.558E+00      8.854E+00         56        1       58        1
     58        0        1      1.172E+01      9.312E+00      9.196E+00         57        0       59        0
     58        1        1      1.694E+00      9.591E+00      8.839E+00         57        1       59        1
     59        0        1      1.161E+01      9.005E+00      9.701E+00         58        0       60        0
     59        1        1      1.620E+00      9.604E+00      9.469E+00         58        1       60        1
     60        0        1      1.204E+01      9.263E+00      9.421E+00         59        0       61        0
     60        1        1      2.027E+00      9.498E+00      9.181E+00         59        1       61        1
     61        0        1      1.233E+01      9.279E+00      9.009E+00         60        0       62        0
     61        1        1      2.196E+00      9.217E+00      9.179E+00         60        1       62        1
     62        0        1      1.221E+01      9.395E+00      9.353E+00         61        0       63        0
     62        1        1      2.748E+00      9.402E+00      9.285E+00         61        1       63        1
     63        0        1      1.269E+01      9.275E+00      8.676E+00         62        0       64        0
     63        1        1      2.659E+00      9.244E+00      9.789E+00         62        1       64        1
     64        0        1      1.313E+01      9.241E+00      9.160E+00         63        0       65        0
     64        1        1      2.932E+00      9.067E+00      9.318E+00         63        1       65        1
     65        0        1      1.272E+01      9.493E+00      9.140E+00         64        0       66        0
     65        1        1      3.059E+00      9.417E+00      9.413E+00         64        1       66        1
     66        0        1      1.306E+01      9.261E+00      9.261E+00         65        0       67        0
     66        1        1      3.121E+00      8.742E+00      9.651E+00         65        1       67        1
     67        0        1      1.335E+01      9.673E+00      9.045E+00         66        0       68        0
     67        1        1      3.353E+00      9.416E+00      9.305E+00         66        1       68        1
     68        0        1      1.356E+01      9.461E+00      9.036E+00         67        0       69        0
     68        1        1      3.607E+00      9.366E+00      9.308E+00         67        1       69        1
     69        0        1      1.395E+01      9.394E+00      8.750E+00         68        0       70        0
     69        1        1      3.672E+00      9.143E+00      9.516E+00         68        1       70        1
     70        0        1      1.383E+01      9.529E+00      9.201E+00         69        0       71        0
     70        1        1      3.987E+00      8.888E+00      9.773E+00         69        1       71        1
     71        0        1      1.428E+01      9.442E+00      8.737E+00         70        0       72        0
     71        1        1      4.614E+00      8.834E+00      9.580E+00         70        1       72        1
     72        0        1      1.443E+01      9.763E+00      8.916E+00         71        0       73        0
     72        1        1      4.390E+00      8.804E+00      9.914E+00         71        1       73        1
     73        0        1      1.472E+01      9.601E+00      8.874E+00         72        0       74        0
     73        1        1      4.572E+00      9.635E+00      9.962E+00         72        1       74        1
     74        0        1      1.492E+01      9.757E+00      9.480E+00         73        0       75        0
     74        1        1      4.795E+00      9.163E+00      9.772E+00         73        1       75        1
     75        0        1      1.519E+01      1.000E+01      8.885E+00         74        0       76        0
     75        1        1      4.971E+00      9.191E+00      1.004E+01         74        1       76        1
     76        0        1      1.537E+01      1.032E+01      9.000E+00         75        0       77        0
     76        1        1      5.122E+00      8.877E+00      1.019E+01         75        1       77        1
     77        0        1      1.522E+01      9.888E+00      9.056E+00         76        0       78        0
     77        1        1      5.238E+00      8.822E+00      1.041E+01         76        1       78        1
     78        0        1      1.554E+01      1.005E+01      8.976E+00         77        0       79        0
     78        1        1      5.410E+00      8.764E+00      1.014E+01         77        1       79        1
     79        0        1      1.576E+01      1.021E+01      9.163E+00         78        0       80        0
     79        1        1      5.579E+00      8.618E+00      1.025E+01         78        1       80        1
     80        0        1      1.580E+01      9.980E+00      9.086E+00         79        0       81        0
     80        1        1      6.038E+00      9.318E+00      1.016E+01         79        1       81        1
     81        0        1      1.613E+01      1.029E+01      9.057E+00         80        0       82        0
     81        1        1      6.199E+00      9.263E+00      1.028E+01         80        1       82        1
     82        0        1      1.639E+01      1.048E+01      9.211E+00         81        0       83        0
     82        1        1      6.198E+00      9.041E+00      1.038E+01         81        1       83        1
     83        0        1      1.650E+01      1.029E+01      9.357E+00         82        0       84        0
     83        1        1      6.426E+00      9.457E+00      1.017E+01         82        1       84        1
     84        0        1      1.687E+01      1.061E+01      9.069E+00         83        0       85        0
     84        1        1      6.897E+00      8.988E+00      1.042E+01         83        1       85        1
     85        0        1      1.721E+01      1.050E+01      9.246E+00         84        0       86        0
     85        1        1      7.091E+00      9.238E+00      1.046E+01         84        1       86        1
     86        0        1      1.719E+01      1.063E+01      9.620E+00         85        0       87        0
     86        1        1      7.080E+00      9.326E+00      1.046E+01         85        1       87        1
     87        0        1      1.737E+01      1.057E+01      9.189E+00         86        0       88        0
     87        1        1      7.447E+00      9.265E+00      1.074E+01         86        1       88        1
     88        0        1      1.753E+01      1.047E+01      9.052E+00         87        0       89        0
     88        1        1      7.664E+00      9.922E+00      1.056E+01         87        1       89        1
     89        0        1      1.768E+01      1.091E+01      9.038E+00         88        0       90        0
     89        1        1      7.990E+00      9.362E+00      1.075E+01         88        1       90        1
     90        0        1      1.837E+01      1.082E+01      9.170E+00         89        0       91        0
     90        1        1      7.705E+00      9.617E+00      1.069E+01         89        1       91        1
     91        0        1      1.814E+01      1.084E+01      9.660E+00         90        0       92        0
     91        1        1      8.075E+00      9.573E+00      1.061E+01         90        1       92        1
     92        0        1      1.812E+01      1.091E+01      9.493E+00         91        0       93        0
     92        1        1      8.460E+00      9.526E+00      1.129E+01         91        1       93        1
     93        0        1      1.857E+01      1.103E+01      9.613E+00         92        0       94        0
     93        1        1      8.729E+00      9.405E+00      1.101E+01         92        1       94        1
     94        0        1      1.912E+01      1.106E+01      9.844E+00         93        0       95        0
     94        1        1      8.664E+00      9.771E+00      1.083E+01         93        1       95        1
     95        0        1      1.851E+01      1.085E+01      9.450E+00         94        0       96        0
     95        1        1      8.887E+00      9.853E+00      1.110E+01         94        1       96        1
     96        0        1      1.941E+01      1.067E+01      9.411E+00         95        0       97        0
     96        1        1      8.922E+00      9.895E+00      1.081E+01         95        1       97        1
     97        0        1      1.936E+01      1.104E+01      9.781E+00         96        0       98        0
     97        1        1      9.540E+00      9.973E+00      1.091E+01         96        1       98        1
     98        0        1      1.929E+01      1.087E+01      9.483E+00         97        0       99        0
     98        1        1      9.880E+00      1.003E+01      1.081E+01         97        1       99        1
     99        0        1      1.971E+01      1.117E+01      9.672E+00         98        0        0        0
     99        1        1      1.018E+01      1.041E+01      1.102E+01         98        1        0        1
# END_CONFIG
